Timezones:          2    
Timezone(1):        20
0.00000
0.50000
1.00000
1.50000
2.00000
2.50000
3.00000
3.50000
4.00000
4.50000
5.00000
5.50000
6.00000
6.50000
7.00000
7.50000
8.00000
8.50000
9.00000
9.50000
DirichletBoundaryCondition(1): 320
           1   6.704865    
           2   6.711842    
           3   6.718781    
           4   6.727249    
           5   6.734397    
           6   6.741638    
           7   6.748795    
           8   6.756179    
           9   6.763741    
          10   6.771490    
          11   6.779457    
          12   6.787649    
          13   6.796087    
          14   6.805057    
          15   6.816071    
          16   6.825265    
          17   6.831230    
          18   6.840746    
          19   6.850459    
          20   6.860693    
          21   6.870851    
          22   6.880741    
          23   6.887362    
          24   6.896197    
          25   6.906599    
          26   6.917100    
          27   6.927675    
          28   6.937639    
          29   6.950006    
          30   6.960542    
          31   6.970870    
          32   6.981769    
          33   6.992850    
          34   7.005593    
          35   7.019565    
          36   7.033515    
          37   7.047889    
          38   7.061048    
          39   7.073491    
          40   7.087337    
          41   7.089136    
          42   7.094809    
          43   7.072935    
          44   7.080039    
          45   7.086862    
          46   7.093390    
          47   7.097220    
          48   7.118633    
          49   7.124937    
          50   7.130789    
          51   7.135190    
          52   7.139431    
          53   7.142707    
          54   7.144907    
          55   7.145969    
          56   7.146582    
          57   7.145393    
          58   7.143403    
          59   7.140727    
          60   7.147364    
          61   7.142041    
          62   7.136153    
          63   7.125509    
          64   7.111282    
          65   7.091172    
          66   7.063419    
          67   7.037745    
          68   6.998443    
          69   6.953069    
          70   6.901337    
          71   6.838735    
          72   6.763699    
          73   6.679265    
          74   6.592919    
          75   6.502986    
          76   6.418850    
          77   6.339131    
          78   6.262437    
          79   6.195432    
          80   6.136665    
          81   6.087742    
          82   6.740005    
         162   6.068387    
         163   6.774168    
         243   6.050354    
         244   6.807781    
         324   6.033004    
         325   6.840320    
         405   6.015694    
         406   6.871520    
         486   10.999403    
         487   6.901060    
         567   10.985841    
         568   6.928541    
         648   10.997468    
         649   6.953629    
         729   6.081318    
         730   6.975559    
         810   6.208006    
         811   6.994202    
         891   6.340225    
         892   7.009543    
         972   6.470438    
         973   7.021860    
        1053   6.598650    
        1054   7.031539    
        1134   6.723344    
        1135   7.038970    
        1215   6.833446    
        1216   7.044483    
        1296   6.911697    
        1297   7.048350    
        1377   6.975729    
        1378   7.050792    
        1458   7.034016    
        1459   7.051995    
        1539   7.084749    
        1540   7.106019    
        1620   7.119053    
        1621   7.113910    
        1701   7.133943    
        1702   7.116219    
        1782   7.138145    
        1783   7.115912    
        1863   7.134713    
        1864   7.119155    
        1944   7.124328    
        1945   7.118073    
        2025   7.107295    
        2026   7.114876    
        2106   7.088529    
        2107   7.111549    
        2187   7.070785    
        2188   7.104742    
        2268   7.046801    
        2269   7.094486    
        2349   7.014011    
        2350   7.093676    
        2430   6.994406    
        2431   7.073897    
        2511   6.981574    
        2512   7.053509    
        2592   6.959879    
        2593   7.044240    
        2673   6.931650    
        2674   7.034276    
        2754   6.900833    
        2755   7.024492    
        2835   6.873938    
        2836   7.014369    
        2916   6.848371    
        2917   7.005264    
        2997   6.816646    
        2998   7.000834    
        3078   6.781909    
        3079   6.997725    
        3159   6.742148    
        3160   7.002167    
        3240   6.698210    
        3241   7.000676    
        3321   6.651042    
        3322   6.998728    
        3402   6.614189    
        3403   6.996261    
        3483   6.564162    
        3484   6.993223    
        3564   6.509659    
        3565   6.989295    
        3645   6.457625    
        3646   6.984926    
        3726   6.405695    
        3727   6.979883    
        3807   6.351488    
        3808   6.974142    
        3888   6.306025    
        3889   6.966568    
        3969   6.253517    
        3970   6.959180    
        4050   6.197812    
        4051   6.988817    
        4131   6.140223    
        4132   6.981829    
        4212   6.084523    
        4213   6.954176    
        4293   6.029632    
        4294   6.944356    
        4374   5.977400    
        4375   6.933713    
        4455   5.927647    
        4456   6.915222    
        4536   5.878104    
        4537   6.902800    
        4617   5.828494    
        4618   6.884125    
        4698   5.778719    
        4699   6.870098    
        4779   5.728728    
        4780   6.855286    
        4860   5.678502    
        4861   6.839672    
        4941   5.628035    
        4942   6.823233    
        5022   5.577330    
        5023   6.805949    
        5103   5.526418    
        5104   6.787784    
        5184   5.475324    
        5185   6.768698    
        5265   5.423762    
        5266   6.748644    
        5346   5.377865    
        5347   6.727556    
        5427   5.326012    
        5428   6.705376    
        5508   5.273893    
        5509   6.682030    
        5589   5.221473    
        5590   6.657457    
        5670   5.168682    
        5671   6.631597    
        5751   5.115369    
        5752   6.601103    
        5832   5.061323    
        5833   6.572848    
        5913   5.006329    
        5914   6.543143    
        5994   4.950323    
        5995   6.511878    
        6075   4.893474    
        6076   6.478833    
        6156   4.836072    
        6157   6.443655    
        6237   4.778380    
        6238   6.405764    
        6318   4.720586    
        6319   6.364388    
        6399   4.662808    
        6400   6.330112    
        6480   4.593714    
        6481   6.279091    
        6482   6.232120    
        6483   6.178014    
        6484   6.132261    
        6485   6.088024    
        6486   6.042993    
        6487   5.947599    
        6488   5.816993    
        6489   5.689233    
        6490   5.565850    
        6491   5.446109    
        6492   5.329177    
        6493   5.214838    
        6494   5.103327    
        6495   4.998724    
        6496   4.903696    
        6497   4.822544    
        6498   4.754056    
        6499   4.697111    
        6500   4.648800    
        6501   4.606791    
        6502   4.569147    
        6503   4.535906    
        6504   4.506490    
        6505   4.480723    
        6506   4.458492    
        6507   4.439641    
        6508   4.423982    
        6509   4.411285    
        6510   4.401314    
        6511   4.393831    
        6512   4.389624    
        6513   4.386604    
        6514   4.385571    
        6515   4.386377    
        6516   4.388857    
        6517   4.403811    
        6518   4.408702    
        6519   4.414825    
        6520   4.421942    
        6521   4.424903    
        6522   4.433652    
        6523   4.442726    
        6524   4.454648    
        6525   4.463377    
        6526   4.471899    
        6527   4.480082    
        6528   4.496999    
        6529   4.496549    
        6530   4.506214    
        6531   4.511379    
        6532   4.520900    
        6533   4.525542    
        6534   4.549197    
        6535   4.545763    
        6536   4.549204    
        6537   4.534092    
        6538   4.544085    
        6539   4.545871    
        6540   4.547563    
        6541   4.538023    
        6542   4.539381    
        6543   4.571777    
        6544   4.530184    
        6545   4.531003    
        6546   4.531929    
        6547   4.534781    
        6548   4.535974    
        6549   4.550961    
        6550   4.551739    
        6551   4.533555    
        6552   4.534363    
        6553   4.534945    
        6554   4.535282    
        6555   4.561911    
        6556   4.561345    
        6557   4.560411    
        6558   4.540859    
        6559   4.539172    
        6560   4.537066    
        6561   4.534512    
NeummanBoundaryCondition(1): 0
CauchytBoundaryCondition(1): 0
Timezone(2): 20
10.00000
10.50000
11.00000
11.50000
12.00000
12.50000
13.00000
13.50000
14.00000
14.50000
15.00000
15.50000
16.00000
16.50000
17.00000
17.50000
18.00000
18.50000
19.00000
19.50000
DirichletBoundaryCondition(2): 320
           1   12.704865    
           2   12.711842    
           3   12.718781    
           4   12.727249    
           5   12.734397    
           6   12.741638    
           7   12.748795    
           8   12.756179    
           9   12.763741    
          10   12.771490    
          11   12.779457    
          12   12.787649    
          13   12.796087    
          14   12.805057    
          15   12.816071    
          16   12.825265    
          17   12.831230    
          18   12.840746    
          19   12.850459    
          20   12.860693    
          21   12.870851    
          22   12.880741    
          23   12.887362    
          24   12.896197    
          25   12.906599    
          26   12.917100    
          27   12.927675    
          28   12.937639    
          29   12.950006    
          30   12.960542    
          31   12.970870    
          32   12.981769    
          33   12.992850    
          34   14.005593    
          35   14.019565    
          36   14.033515    
          37   14.047889    
          38   14.061048    
          39   14.073491    
          40   14.087337    
          41   14.089136    
          42   14.094809    
          43   14.072935    
          44   14.080039    
          45   14.086862    
          46   14.093390    
          47   14.097220    
          48   14.118633    
          49   14.124937    
          50   14.130789    
          51   14.135190    
          52   14.139431    
          53   14.142707    
          54   14.144907    
          55   14.145969    
          56   14.146582    
          57   14.145393    
          58   14.143403    
          59   14.140727    
          60   14.147364    
          61   14.142041    
          62   14.136153    
          63   14.125509    
          64   14.111282    
          65   14.091172    
          66   14.063419    
          67   14.037745    
          68   12.998443    
          69   12.953069    
          70   12.901337    
          71   12.838735    
          72   12.763699    
          73   12.679265    
          74   12.592919    
          75   12.502986    
          76   12.418850    
          77   12.339131    
          78   12.262437    
          79   12.195432    
          80   12.136665    
          81   12.087742    
          82   12.740005    
         162   12.068387    
         163   12.774168    
         243   12.050354    
         244   12.807781    
         324   12.033004    
         325   12.840320    
         405   12.015694    
         406   12.871520    
         486   10.999403    
         487   12.901060    
         567   10.985841    
         568   12.928541    
         648   10.997468    
         649   12.953629    
         729   12.081318    
         730   12.975559    
         810   12.208006    
         811   12.994202    
         891   12.340225    
         892   14.009543    
         972   12.470438    
         973   14.021860    
        1053   12.598650    
        1054   14.031539    
        1134   12.723344    
        1135   14.038970    
        1215   12.833446    
        1216   14.044483    
        1296   12.911697    
        1297   14.048350    
        1377   12.975729    
        1378   14.050792    
        1458   14.034016    
        1459   14.051995    
        1539   14.084749    
        1540   14.106019    
        1620   14.119053    
        1621   14.113910    
        1701   14.133943    
        1702   14.116219    
        1782   14.138145    
        1783   14.115912    
        1863   14.134713    
        1864   14.119155    
        1944   14.124328    
        1945   14.118073    
        2025   14.107295    
        2026   14.114876    
        2106   14.088529    
        2107   14.111549    
        2187   14.070785    
        2188   14.104742    
        2268   14.046801    
        2269   14.094486    
        2349   14.014011    
        2350   14.093676    
        2430   12.994406    
        2431   14.073897    
        2511   12.981574    
        2512   14.053509    
        2592   12.959879    
        2593   14.044240    
        2673   12.931650    
        2674   14.034276    
        2754   12.900833    
        2755   14.024492    
        2835   12.873938    
        2836   14.014369    
        2916   12.848371    
        2917   14.005264    
        2997   12.816646    
        2998   14.000834    
        3078   12.781909    
        3079   12.997725    
        3159   12.742148    
        3160   14.002167    
        3240   12.698210    
        3241   14.000676    
        3321   12.651042    
        3322   12.998728    
        3402   12.614189    
        3403   12.996261    
        3483   12.564162    
        3484   12.993223    
        3564   12.509659    
        3565   12.989295    
        3645   12.457625    
        3646   12.984926    
        3726   12.405695    
        3727   12.979883    
        3807   12.351488    
        3808   12.974142    
        3888   12.306025    
        3889   12.966568    
        3969   12.253517    
        3970   12.959180    
        4050   12.197812    
        4051   12.988817    
        4131   12.140223    
        4132   12.981829    
        4212   12.084523    
        4213   12.954176    
        4293   12.029632    
        4294   12.944356    
        4374   10.977400    
        4375   12.933713    
        4455   10.927647    
        4456   12.915222    
        4536   10.878104    
        4537   12.902800    
        4617   10.828494    
        4618   12.884125    
        4698   10.778719    
        4699   12.870098    
        4779   10.728728    
        4780   12.855286    
        4860   10.678502    
        4861   12.839672    
        4941   10.628035    
        4942   12.823233    
        5022   10.577330    
        5023   12.805949    
        5103   10.526418    
        5104   12.787784    
        5184   10.475324    
        5185   12.768698    
        5265   10.423762    
        5266   12.748644    
        5346   10.377865    
        5347   12.727556    
        5427   10.326012    
        5428   12.705376    
        5508   10.273893    
        5509   12.682030    
        5589   10.221473    
        5590   12.657457    
        5670   10.168682    
        5671   12.631597    
        5751   10.115369    
        5752   12.601103    
        5832   10.061323    
        5833   12.572848    
        5913   10.006329    
        5914   12.543143    
        5994   8.950323    
        5995   12.511878    
        6075   8.893474    
        6076   12.478833    
        6156   8.836072    
        6157   12.443655    
        6237   8.778380    
        6238   12.405764    
        6318   8.720586    
        6319   12.364388    
        6399   8.662808    
        6400   12.330112    
        6480   8.593714    
        6481   12.279091    
        6482   12.232120    
        6483   12.178014    
        6484   12.132261    
        6485   12.088024    
        6486   12.042993    
        6487   10.947599    
        6488   10.816993    
        6489   10.689233    
        6490   10.565850    
        6491   10.446109    
        6492   10.329177    
        6493   10.214838    
        6494   10.103327    
        6495   8.998724    
        6496   8.903696    
        6497   8.822544    
        6498   8.754056    
        6499   8.697111    
        6500   8.648800    
        6501   8.606791    
        6502   8.569147    
        6503   8.535906    
        6504   8.506490    
        6505   8.480723    
        6506   8.458492    
        6507   8.439641    
        6508   8.423982    
        6509   8.411285    
        6510   8.401314    
        6511   8.393831    
        6512   8.389624    
        6513   8.386604    
        6514   8.385571    
        6515   8.386377    
        6516   8.388857    
        6517   8.403811    
        6518   8.408702    
        6519   8.414825    
        6520   8.421942    
        6521   8.424903    
        6522   8.433652    
        6523   8.442726    
        6524   8.454648    
        6525   8.463377    
        6526   8.471899    
        6527   8.480082    
        6528   8.496999    
        6529   8.496549    
        6530   8.506214    
        6531   8.511379    
        6532   8.520900    
        6533   8.525542    
        6534   8.549197    
        6535   8.545763    
        6536   8.549204    
        6537   8.534092    
        6538   8.544085    
        6539   8.545871    
        6540   8.547563    
        6541   8.538023    
        6542   8.539381    
        6543   8.571777    
        6544   8.530184    
        6545   8.531003    
        6546   8.531929    
        6547   8.534781    
        6548   8.535974    
        6549   8.550961    
        6550   8.551739    
        6551   8.533555    
        6552   8.534363    
        6553   8.534945    
        6554   8.535282    
        6555   8.561911    
        6556   8.561345    
        6557   8.560411    
        6558   8.540859    
        6559   8.539172    
        6560   8.537066    
        6561   8.534512   
NeummanBoundaryCondition(2): 0
CauchytBoundaryCondition(2): 0 