COLUMNS          81
ROWS             81
LEVELS           41
0.00000000000E+00
5.00000000000E+00
1.00000000000E+01
1.50000000000E+01
2.00000000000E+01
2.50000000000E+01
3.00000000000E+01
3.50000000000E+01
4.00000000000E+01
4.50000000000E+01
5.00000000000E+01
5.50000000000E+01
6.00000000000E+01
6.50000000000E+01
7.00000000000E+01
7.50000000000E+01
8.00000000000E+01
8.50000000000E+01
9.00000000000E+01
9.50000000000E+01
1.00000000000E+02
1.05000000000E+02
1.10000000000E+02
1.15000000000E+02
1.20000000000E+02
1.25000000000E+02
1.30000000000E+02
1.35000000000E+02
1.40000000000E+02
1.45000000000E+02
1.50000000000E+02
1.55000000000E+02
1.60000000000E+02
1.65000000000E+02
1.70000000000E+02
1.75000000000E+02
1.80000000000E+02
1.85000000000E+02
1.90000000000E+02
1.95000000000E+02
2.00000000000E+02
2.05000000000E+02
2.10000000000E+02
2.15000000000E+02
2.20000000000E+02
2.25000000000E+02
2.30000000000E+02
2.35000000000E+02
2.40000000000E+02
2.45000000000E+02
2.50000000000E+02
2.55000000000E+02
2.60000000000E+02
2.65000000000E+02
2.70000000000E+02
2.75000000000E+02
2.80000000000E+02
2.85000000000E+02
2.90000000000E+02
2.95000000000E+02
3.00000000000E+02
3.05000000000E+02
3.10000000000E+02
3.15000000000E+02
3.20000000000E+02
3.25000000000E+02
3.30000000000E+02
3.35000000000E+02
3.40000000000E+02
3.45000000000E+02
3.50000000000E+02
3.55000000000E+02
3.60000000000E+02
3.65000000000E+02
3.70000000000E+02
3.75000000000E+02
3.80000000000E+02
3.85000000000E+02
3.90000000000E+02
3.95000000000E+02
4.00000000000E+02
4.05000000000E+02
0.00000000000E+00
5.00000000000E+00
1.00000000000E+01
1.50000000000E+01
2.00000000000E+01
2.50000000000E+01
3.00000000000E+01
3.50000000000E+01
4.00000000000E+01
4.50000000000E+01
5.00000000000E+01
5.50000000000E+01
6.00000000000E+01
6.50000000000E+01
7.00000000000E+01
7.50000000000E+01
8.00000000000E+01
8.50000000000E+01
9.00000000000E+01
9.50000000000E+01
1.00000000000E+02
1.05000000000E+02
1.10000000000E+02
1.15000000000E+02
1.20000000000E+02
1.25000000000E+02
1.30000000000E+02
1.35000000000E+02
1.40000000000E+02
1.45000000000E+02
1.50000000000E+02
1.55000000000E+02
1.60000000000E+02
1.65000000000E+02
1.70000000000E+02
1.75000000000E+02
1.80000000000E+02
1.85000000000E+02
1.90000000000E+02
1.95000000000E+02
2.00000000000E+02
2.05000000000E+02
2.10000000000E+02
2.15000000000E+02
2.20000000000E+02
2.25000000000E+02
2.30000000000E+02
2.35000000000E+02
2.40000000000E+02
2.45000000000E+02
2.50000000000E+02
2.55000000000E+02
2.60000000000E+02
2.65000000000E+02
2.70000000000E+02
2.75000000000E+02
2.80000000000E+02
2.85000000000E+02
2.90000000000E+02
2.95000000000E+02
3.00000000000E+02
3.05000000000E+02
3.10000000000E+02
3.15000000000E+02
3.20000000000E+02
3.25000000000E+02
3.30000000000E+02
3.35000000000E+02
3.40000000000E+02
3.45000000000E+02
3.50000000000E+02
3.55000000000E+02
3.60000000000E+02
3.65000000000E+02
3.70000000000E+02
3.75000000000E+02
3.80000000000E+02
3.85000000000E+02
3.90000000000E+02
3.95000000000E+02
4.00000000000E+02
4.05000000000E+02
0.00000000000E+00
5.00000000000E+00
1.00000000000E+01
1.50000000000E+01
2.00000000000E+01
2.50000000000E+01
3.00000000000E+01
3.50000000000E+01
4.00000000000E+01
4.50000000000E+01
5.00000000000E+01
5.50000000000E+01
6.00000000000E+01
6.50000000000E+01
7.00000000000E+01
7.50000000000E+01
8.00000000000E+01
8.50000000000E+01
9.00000000000E+01
9.50000000000E+01
1.00000000000E+02
1.05000000000E+02
1.10000000000E+02
1.15000000000E+02
1.20000000000E+02
1.25000000000E+02
1.30000000000E+02
1.35000000000E+02
1.40000000000E+02
1.45000000000E+02
1.50000000000E+02
1.55000000000E+02
1.60000000000E+02
1.65000000000E+02
1.70000000000E+02
1.75000000000E+02
1.80000000000E+02
1.85000000000E+02
1.90000000000E+02
1.95000000000E+02
2.00000000000E+02
2.05000000000E+02