 *---|Importando archivo de geometria|---*
 *---|La creacion de la variable tipo geometria ha sido exitosa|---*
 *---|Procesando el grupo de parametros de estado permanente en binario|---*
 *---|Termina de procesar informacion de estado permanente en binario|---*
 *---|Inicia construccion de la topologia|---*
 *---|Finaliza construccion de la topologia|---*
 *---|Inicia construccion matriz densa de conductividades|---*
 *---|Finaliza construccion matriz densa de conductividades|---*
  -477.19340084501374                1           1
   25.357172557172557                1           2
   0.0000000000000000                1           3
   23.118279569892469                1           4
   0.0000000000000000                1           5
   0.0000000000000000                1           6
   0.0000000000000000                1           7
   428.71794871794873                1           8
   0.0000000000000000                1           9
   0.0000000000000000                1          10
   0.0000000000000000                1          11
   0.0000000000000000                1          12
   0.0000000000000000                1          13
   0.0000000000000000                1          14
   0.0000000000000000                1          15
   0.0000000000000000                1          16
   0.0000000000000000                1          17
   0.0000000000000000                1          18
   0.0000000000000000                1          19
   0.0000000000000000                1          20
   0.0000000000000000                1          21
   0.0000000000000000                1          22
   25.357172557172557                2           1
  -634.70079706422882                2           2
   25.840234676547784                2           3
   0.0000000000000000                2           4
   29.103389830508476                2           5
   0.0000000000000000                2           6
   0.0000000000000000                2           7
   0.0000000000000000                2           8
   554.39999999999998                2           9
   0.0000000000000000                2          10
   0.0000000000000000                2          11
   0.0000000000000000                2          12
   0.0000000000000000                2          13
   0.0000000000000000                2          14
   0.0000000000000000                2          15
   0.0000000000000000                2          16
   0.0000000000000000                2          17
   0.0000000000000000                2          18
   0.0000000000000000                2          19
   0.0000000000000000                2          20
   0.0000000000000000                2          21
   0.0000000000000000                2          22
   0.0000000000000000                3           1
   25.840234676547784                3           2
  -263.08605288668878                3           3
   0.0000000000000000                3           4
   0.0000000000000000                3           5
   21.354466858789625                3           6
   0.0000000000000000                3           7
   0.0000000000000000                3           8
   0.0000000000000000                3           9
   215.89135135135135                3          10
   0.0000000000000000                3          11
   0.0000000000000000                3          12
   0.0000000000000000                3          13
   0.0000000000000000                3          14
   0.0000000000000000                3          15
   0.0000000000000000                3          16
   0.0000000000000000                3          17
   0.0000000000000000                3          18
   0.0000000000000000                3          19
   0.0000000000000000                3          20
   0.0000000000000000                3          21
   0.0000000000000000                3          22
   23.118279569892469                4           1
   0.0000000000000000                4           2
   0.0000000000000000                4           3
  -509.67070031220481                4           4
   23.480193590582079                4           5
   0.0000000000000000                4           6
   15.872227151730259                4           7
   0.0000000000000000                4           8
   0.0000000000000000                4           9
   0.0000000000000000                4          10
   447.19999999999999                4          11
   0.0000000000000000                4          12
   0.0000000000000000                4          13
   0.0000000000000000                4          14
   0.0000000000000000                4          15
   0.0000000000000000                4          16
   0.0000000000000000                4          17
   0.0000000000000000                4          18
   0.0000000000000000                4          19
   0.0000000000000000                4          20
   0.0000000000000000                4          21
   0.0000000000000000                4          22
   0.0000000000000000                5           1
   29.103389830508476                5           2
   0.0000000000000000                5           3
   23.480193590582079                5           4
  -415.25857007116707                5           5
   16.532648987738806                5           6
   0.0000000000000000                5           7
   0.0000000000000000                5           8
   0.0000000000000000                5           9
   0.0000000000000000                5          10
   0.0000000000000000                5          11
   346.14233766233770                5          12
   0.0000000000000000                5          13
   0.0000000000000000                5          14
   0.0000000000000000                5          15
   0.0000000000000000                5          16
   0.0000000000000000                5          17
   0.0000000000000000                5          18
   0.0000000000000000                5          19
   0.0000000000000000                5          20
   0.0000000000000000                5          21
   0.0000000000000000                5          22
   0.0000000000000000                6           1
   0.0000000000000000                6           2
   21.354466858789625                6           3
   0.0000000000000000                6           4
   16.532648987738806                6           5
  -186.27735974896746                6           6
   0.0000000000000000                6           7
   0.0000000000000000                6           8
   0.0000000000000000                6           9
   0.0000000000000000                6          10
   0.0000000000000000                6          11
   0.0000000000000000                6          12
   148.39024390243901                6          13
   0.0000000000000000                6          14
   0.0000000000000000                6          15
   0.0000000000000000                6          16
   0.0000000000000000                6          17
   0.0000000000000000                6          18
   0.0000000000000000                6          19
   0.0000000000000000                6          20
   0.0000000000000000                6          21
   0.0000000000000000                6          22
   0.0000000000000000                7           1
   0.0000000000000000                7           2
   0.0000000000000000                7           3
   15.872227151730259                7           4
   0.0000000000000000                7           5
   0.0000000000000000                7           6
  -158.09925417875729                7           7
   0.0000000000000000                7           8
   0.0000000000000000                7           9
   0.0000000000000000                7          10
   0.0000000000000000                7          11
   0.0000000000000000                7          12
   0.0000000000000000                7          13
   142.22702702702702                7          14
   0.0000000000000000                7          15
   0.0000000000000000                7          16
   0.0000000000000000                7          17
   0.0000000000000000                7          18
   0.0000000000000000                7          19
   0.0000000000000000                7          20
   0.0000000000000000                7          21
   0.0000000000000000                7          22
   428.71794871794873                8           1
   0.0000000000000000                8           2
   0.0000000000000000                8           3
   0.0000000000000000                8           4
   0.0000000000000000                8           5
   0.0000000000000000                8           6
   0.0000000000000000                8           7
  -1031.7987379207743                8           8
   14.970232558139539                8           9
   0.0000000000000000                8          10
   15.046040515653775                8          11
   0.0000000000000000                8          12
   0.0000000000000000                8          13
   0.0000000000000000                8          14
   0.0000000000000000                8          15
   0.0000000000000000                8          16
   573.06451612903231                8          17
   0.0000000000000000                8          18
   0.0000000000000000                8          19
   0.0000000000000000                8          20
   0.0000000000000000                8          21
   0.0000000000000000                8          22
   0.0000000000000000                9           1
   554.39999999999998                9           2
   0.0000000000000000                9           3
   0.0000000000000000                9           4
   0.0000000000000000                9           5
   0.0000000000000000                9           6
   0.0000000000000000                9           7
   14.970232558139539                9           8
  -1092.1055972893037                9           9
   6.0577266922094513                9          10
   0.0000000000000000                9          11
   11.598911070780401                9          12
   0.0000000000000000                9          13
   0.0000000000000000                9          14
   0.0000000000000000                9          15
   0.0000000000000000                9          16
   0.0000000000000000                9          17
   0.0000000000000000                9          18
   0.0000000000000000                9          19
   0.0000000000000000                9          20
   0.0000000000000000                9          21
   0.0000000000000000                9          22
   0.0000000000000000               10           1
   0.0000000000000000               10           2
   215.89135135135135               10           3
   0.0000000000000000               10           4
   0.0000000000000000               10           5
   0.0000000000000000               10           6
   0.0000000000000000               10           7
   0.0000000000000000               10           8
   6.0577266922094513               10           9
  -425.19154687149091               10          10
   0.0000000000000000               10          11
   0.0000000000000000               10          12
   3.8124688279301737               10          13
   0.0000000000000000               10          14
   0.0000000000000000               10          15
   0.0000000000000000               10          16
   0.0000000000000000               10          17
   199.42999999999998               10          18
   0.0000000000000000               10          19
   0.0000000000000000               10          20
   0.0000000000000000               10          21
   0.0000000000000000               10          22
   0.0000000000000000               11           1
   0.0000000000000000               11           2
   0.0000000000000000               11           3
   447.19999999999999               11           4
   0.0000000000000000               11           5
   0.0000000000000000               11           6
   0.0000000000000000               11           7
   15.046040515653775               11           8
   0.0000000000000000               11           9
   0.0000000000000000               11          10
  -1007.2255154593063               11          11
   9.9644563758389264               11          12
   0.0000000000000000               11          13
   5.7203325774754346               11          14
   0.0000000000000000               11          15
   0.0000000000000000               11          16
   0.0000000000000000               11          17
   0.0000000000000000               11          18
   529.29468599033817               11          19
   0.0000000000000000               11          20
   0.0000000000000000               11          21
   0.0000000000000000               11          22
   0.0000000000000000               12           1
   0.0000000000000000               12           2
   0.0000000000000000               12           3
   0.0000000000000000               12           4
   346.14233766233770               12           5
   0.0000000000000000               12           6
   0.0000000000000000               12           7
   0.0000000000000000               12           8
   11.598911070780401               12           9
   0.0000000000000000               12          10
   9.9644563758389264               12          11
  -778.96551697586381               12          12
   4.0880145719489978               12          13
   0.0000000000000000               12          14
   9.5961300075585800               12          15
   0.0000000000000000               12          16
   0.0000000000000000               12          17
   0.0000000000000000               12          18
   0.0000000000000000               12          19
   0.0000000000000000               12          20
   0.0000000000000000               12          21
   0.0000000000000000               12          22
   0.0000000000000000               13           1
   0.0000000000000000               13           2
   0.0000000000000000               13           3
   0.0000000000000000               13           4
   0.0000000000000000               13           5
   148.39024390243901               13           6
   0.0000000000000000               13           7
   0.0000000000000000               13           8
   0.0000000000000000               13           9
   3.8124688279301737               13          10
   0.0000000000000000               13          11
   4.0880145719489978               13          12
  -311.34988051584241               13          13
   0.0000000000000000               13          14
   0.0000000000000000               13          15
   1.6979591836734693               13          16
   0.0000000000000000               13          17
   0.0000000000000000               13          18
   0.0000000000000000               13          19
   153.36119402985076               13          20
   0.0000000000000000               13          21
   0.0000000000000000               13          22
   0.0000000000000000               14           1
   0.0000000000000000               14           2
   0.0000000000000000               14           3
   0.0000000000000000               14           4
   0.0000000000000000               14           5
   0.0000000000000000               14           6
   142.22702702702702               14           7
   0.0000000000000000               14           8
   0.0000000000000000               14           9
   0.0000000000000000               14          10
   5.7203325774754346               14          11
   0.0000000000000000               14          12
   0.0000000000000000               14          13
  -232.86416077310744               14          14
   5.5442521489971339               14          15
   0.0000000000000000               14          16
   0.0000000000000000               14          17
   0.0000000000000000               14          18
   0.0000000000000000               14          19
   0.0000000000000000               14          20
   79.372549019607845               14          21
   0.0000000000000000               14          22
   0.0000000000000000               15           1
   0.0000000000000000               15           2
   0.0000000000000000               15           3
   0.0000000000000000               15           4
   0.0000000000000000               15           5
   0.0000000000000000               15           6
   0.0000000000000000               15           7
   0.0000000000000000               15           8
   0.0000000000000000               15           9
   0.0000000000000000               15          10
   0.0000000000000000               15          11
   9.5961300075585800               15          12
   0.0000000000000000               15          13
   5.5442521489971339               15          14
  -359.75414903858001               15          15
   1.8164394878149526               15          16
   0.0000000000000000               15          17
   0.0000000000000000               15          18
   0.0000000000000000               15          19
   0.0000000000000000               15          20
   0.0000000000000000               15          21
   0.0000000000000000               15          22
   0.0000000000000000               16           1
   0.0000000000000000               16           2
   0.0000000000000000               16           3
   0.0000000000000000               16           4
   0.0000000000000000               16           5
   0.0000000000000000               16           6
   0.0000000000000000               16           7
   0.0000000000000000               16           8
   0.0000000000000000               16           9
   0.0000000000000000               16          10
   0.0000000000000000               16          11
   0.0000000000000000               16          12
   1.6979591836734693               16          13
   0.0000000000000000               16          14
   1.8164394878149526               16          15
  -53.872293408330528               16          16
   0.0000000000000000               16          17
   0.0000000000000000               16          18
   0.0000000000000000               16          19
   0.0000000000000000               16          20
   0.0000000000000000               16          21
   50.357894736842105               16          22
   0.0000000000000000               17           1
   0.0000000000000000               17           2
   0.0000000000000000               17           3
   0.0000000000000000               17           4
   0.0000000000000000               17           5
   0.0000000000000000               17           6
   0.0000000000000000               17           7
   573.06451612903231               17           8
   0.0000000000000000               17           9
   0.0000000000000000               17          10
   0.0000000000000000               17          11
   0.0000000000000000               17          12
   0.0000000000000000               17          13
   0.0000000000000000               17          14
   0.0000000000000000               17          15
   0.0000000000000000               17          16
  -617.43491721858959               17          17
   0.0000000000000000               17          18
   24.890438247011947               17          19
   0.0000000000000000               17          20
   0.0000000000000000               17          21
   0.0000000000000000               17          22
   0.0000000000000000               18           1
   0.0000000000000000               18           2
   0.0000000000000000               18           3
   0.0000000000000000               18           4
   0.0000000000000000               18           5
   0.0000000000000000               18           6
   0.0000000000000000               18           7
   0.0000000000000000               18           8
   0.0000000000000000               18           9
   199.42999999999998               18          10
   0.0000000000000000               18          11
   0.0000000000000000               18          12
   0.0000000000000000               18          13
   0.0000000000000000               18          14
   0.0000000000000000               18          15
   0.0000000000000000               18          16
   0.0000000000000000               18          17
  -222.66624313644786               18          18
   0.0000000000000000               18          19
   11.278074866310162               18          20
   0.0000000000000000               18          21
   0.0000000000000000               18          22
   0.0000000000000000               19           1
   0.0000000000000000               19           2
   0.0000000000000000               19           3
   0.0000000000000000               19           4
   0.0000000000000000               19           5
   0.0000000000000000               19           6
   0.0000000000000000               19           7
   0.0000000000000000               19           8
   0.0000000000000000               19           9
   0.0000000000000000               19          10
   529.29468599033817               19          11
   0.0000000000000000               19          12
   0.0000000000000000               19          13
   0.0000000000000000               19          14
   0.0000000000000000               19          15
   0.0000000000000000               19          16
   24.890438247011947               19          17
   0.0000000000000000               19          18
  -580.50713458472637               19          19
   0.0000000000000000               19          20
   4.3636363636363633               19          21
   0.0000000000000000               19          22
   0.0000000000000000               20           1
   0.0000000000000000               20           2
   0.0000000000000000               20           3
   0.0000000000000000               20           4
   0.0000000000000000               20           5
   0.0000000000000000               20           6
   0.0000000000000000               20           7
   0.0000000000000000               20           8
   0.0000000000000000               20           9
   0.0000000000000000               20          10
   0.0000000000000000               20          11
   0.0000000000000000               20          12
   153.36119402985076               20          13
   0.0000000000000000               20          14
   0.0000000000000000               20          15
   0.0000000000000000               20          16
   0.0000000000000000               20          17
   11.278074866310162               20          18
   0.0000000000000000               20          19
  -181.48325632278141               20          20
   0.0000000000000000               20          21
   4.7442977190876352               20          22
   0.0000000000000000               21           1
   0.0000000000000000               21           2
   0.0000000000000000               21           3
   0.0000000000000000               21           4
   0.0000000000000000               21           5
   0.0000000000000000               21           6
   0.0000000000000000               21           7
   0.0000000000000000               21           8
   0.0000000000000000               21           9
   0.0000000000000000               21          10
   0.0000000000000000               21          11
   0.0000000000000000               21          12
   0.0000000000000000               21          13
   79.372549019607845               21          14
   0.0000000000000000               21          15
   0.0000000000000000               21          16
   0.0000000000000000               21          17
   0.0000000000000000               21          18
   4.3636363636363633               21          19
   0.0000000000000000               21          20
  -88.029518716577542               21          21
   0.0000000000000000               21          22
   0.0000000000000000               22           1
   0.0000000000000000               22           2
   0.0000000000000000               22           3
   0.0000000000000000               22           4
   0.0000000000000000               22           5
   0.0000000000000000               22           6
   0.0000000000000000               22           7
   0.0000000000000000               22           8
   0.0000000000000000               22           9
   0.0000000000000000               22          10
   0.0000000000000000               22          11
   0.0000000000000000               22          12
   0.0000000000000000               22          13
   0.0000000000000000               22          14
   0.0000000000000000               22          15
   50.357894736842105               22          16
   0.0000000000000000               22          17
   0.0000000000000000               22          18
   0.0000000000000000               22          19
   4.7442977190876352               22          20
   0.0000000000000000               22          21
  -59.330475284212568               22          22
